age,income,churn
29,54,0
75,46,1
71,133,1
50,50,0
73,45,0
35,119,0
67,37,0
36,143,0
29,104,1
50,33,1
39,48,1
29,52,1
74,124,1
66,34,1
29,87,0
62,126,1
26,64,1
52,134,0
47,108,1
40,96,0
51,95,0
29,120,1
43,101,0
28,41,1
79,29,0
59,89,0
60,137,0
22,98,0
63,93,0
39,34,1
78,76,1
48,111,1
65,95,1
61,43,1
19,24,0
48,49,0
70,64,1
26,99,0
53,90,1
20,26,0
45,59,1
56,138,1
61,80,0
42,143,1
76,76,1
57,123,1
19,51,0
61,136,1
42,35,0
52,144,0
78,52,0
77,53,1
37,50,0
47,98,0
30,81,1
79,115,0
43,58,1
63,141,1
25,50,1
73,85,1
76,105,0
29,37,1
73,78,0
41,69,0
43,44,1
32,113,0
46,51,0
18,148,0
52,85,0
79,120,0
36,77,0
45,119,1
22,115,0
57,61,1
20,103,1
60,54,0
79,101,1
24,94,1
32,124,0
47,42,0
36,35,1
25,96,0
42,92,0
71,87,1
55,135,0
51,49,1
28,73,1
69,76,0
61,126,0
69,113,0
23,149,1
41,31,1
74,23,1
46,54,1
78,85,1
72,38,1
31,68,0
32,134,0
65,35,1
79,107,1
67,141,1
52,105,1
31,74,1
42,75,1
48,57,0
53,24,0
60,142,1
27,141,1
30,137,1
24,114,0
44,29,0
60,116,0
26,94,1
43,137,1
29,31,1
63,94,0
26,110,0
39,51,1
63,107,1
38,130,1
75,20,0
69,43,0
66,41,1
56,67,0
55,104,1
66,109,0
29,24,0
77,119,1
44,88,1
29,21,1
66,81,0
58,108,0
48,29,0
45,30,0
46,133,1
38,31,1
32,25,1
71,142,0
43,67,0
37,146,0
45,132,1
71,52,1
36,142,1
47,73,1
35,70,0
53,101,0
74,142,1
25,147,0
51,105,1
70,81,0
44,137,0
20,96,0
35,96,1
76,41,1
46,30,0
77,36,1
77,45,1
64,73,0
35,62,1
40,137,1
23,149,0
71,115,1
63,34,0
48,26,0
42,85,1
52,22,0
52,57,1
43,128,0
40,119,1
21,22,1
36,47,0
36,21,1
37,83,1
56,116,1
38,54,1
76,95,1
69,120,1
76,50,0
55,61,0
66,89,0
70,88,0
61,108,1
18,97,0
33,25,0
63,91,0
27,76,1
42,28,0
37,133,0
21,51,1
30,66,1
50,48,1
76,48,1
69,76,0
69,109,0
32,51,0
75,114,0
58,91,1
73,49,0
43,66,1
79,122,1
78,97,0
36,92,0
63,80,0
46,29,1
44,67,1
68,97,0
64,94,1
27,139,0
76,49,0
76,138,0
28,142,0
35,140,1
51,128,0
20,29,1
55,23,0
33,110,0
64,120,0
46,128,1
66,122,1
26,36,0
58,115,1
22,48,0
79,143,1
60,132,0
28,44,0
28,132,0
49,30,1
71,66,0
49,120,0
24,71,0
31,128,0
47,21,1
70,133,1
65,124,1
42,37,1
68,57,0
18,86,0
22,137,1
70,107,0
65,69,1
32,102,0
69,64,0
45,71,0
45,113,1
62,49,1
21,137,0
59,68,0
44,42,1
76,35,1
35,147,0
77,90,0
21,123,1
32,80,0
24,50,1
20,97,0
50,34,1
45,84,1
30,77,0
72,39,0
52,40,1
62,88,0
79,38,0
60,142,1
72,143,0
19,94,1
20,56,0
47,80,0
53,126,0
18,52,0
44,82,1
76,77,1
61,56,1
54,145,0
48,128,0
40,124,0
67,123,1
46,35,0
71,103,1
55,147,1
65,36,1
62,148,0
67,43,0
63,137,1
60,100,1
55,46,1
31,126,0
79,61,0
52,104,1
43,24,0
42,121,1
18,122,1
55,77,1
78,58,1
77,125,0
77,148,0
79,76,1
69,52,0
56,84,1
58,85,1
46,138,0
63,59,1
43,148,1
65,84,1
77,115,1
33,87,0
29,132,1
40,132,0
51,60,0
61,21,1
29,131,1
26,113,1
79,62,0
32,126,0
33,67,1
63,105,1
20,71,0
79,46,1
42,43,1
59,42,1
25,63,0
60,78,0
71,91,0
50,110,0
26,29,0
61,140,0
31,24,0
30,89,1
34,88,0
43,38,0
22,28,0
23,130,1
78,83,1
62,113,0
26,122,0
46,51,0
60,59,1
79,29,1
46,52,0
31,83,0
45,20,0
61,41,1
39,35,0
19,100,1
77,27,1
71,88,1
28,111,1
33,53,0
54,28,0
37,63,1
62,128,1
32,33,1
43,105,0
75,145,0
57,87,0
56,25,1
59,33,1
71,76,0
52,61,0
20,90,0
27,67,1
71,131,0
74,78,0
54,24,0
70,23,1
51,62,1
58,112,1
34,87,1
40,41,1
73,88,1
77,84,0
50,97,0
67,137,0
75,108,0
35,116,1
67,127,0
32,98,1
44,70,0
44,113,1
48,68,0
57,128,0
55,21,0
51,106,1
61,54,0
49,74,1
37,87,0
34,26,0
53,41,1
79,129,0
35,90,0
29,81,1
52,53,1
54,123,1
35,27,1
60,93,1
19,126,0
24,115,0
61,51,1
36,55,1
58,144,0
22,102,0
63,32,1
55,41,0
19,82,0
73,38,1
42,85,1
35,116,0
59,82,1
52,50,0
64,66,1
65,127,0
77,115,1
31,54,1
61,133,0
73,61,1
69,65,1
67,60,0
67,58,0
57,101,1
22,53,1
30,51,0
35,91,0
54,70,1
71,33,1
32,144,1
64,64,1
59,134,0
75,76,1
56,75,1
68,125,1
49,90,0
28,28,0
43,23,1
27,118,0
73,48,0
34,61,1
21,32,1
43,92,1
32,124,0
61,88,0
66,20,0
40,80,0
30,29,1
72,105,0
38,51,1
75,143,1
33,62,1
21,49,0
77,61,0
29,90,1
22,143,0
53,25,0
21,145,0
21,128,1
78,53,1
28,94,0
58,124,0
20,110,0
32,89,0
31,91,1
49,88,0
74,37,1
43,137,0
68,112,0
28,60,1
78,97,0
23,65,0
27,125,0
75,113,1
53,107,0
30,120,0
23,121,1
63,132,1
44,31,0
71,82,1
38,135,1
60,48,1
35,95,1
75,48,0
57,83,1
37,76,0
35,75,1
52,41,1
55,124,1
35,42,0
67,85,1
79,59,0
20,38,1
50,149,0
56,54,0
46,103,1
65,138,1
68,135,1
33,103,0
23,105,1
28,115,1
28,101,0
58,85,1
78,118,0
58,132,0
67,81,1
25,113,1
78,136,1
54,33,1
19,136,0
45,112,1
74,42,0
31,122,1
61,57,0
61,90,0
79,119,0
34,85,0
32,67,0
62,142,0
79,139,1
57,25,0
65,131,1
63,68,1
70,148,0
67,114,1
54,33,1
56,72,1
50,65,1
78,104,0
36,49,1
69,144,1
21,22,1
25,91,0
73,90,1
75,39,1
31,123,0
46,54,0
19,124,0
70,33,1
63,62,0
46,52,0
52,96,0
26,58,0
54,21,0
74,72,1
68,117,1
68,52,1
20,147,1
37,110,1
52,115,1
21,53,0
47,146,1
18,21,0
18,118,1
48,125,0
21,82,1
18,41,1
55,61,0
75,129,1
36,99,1
39,62,0
68,126,0
24,120,0
35,87,1
66,55,1
29,145,1
52,31,0
59,35,1
25,122,0
41,114,0
32,42,1
78,38,0
74,98,0
47,118,1
61,73,1
57,51,1
73,48,0
70,72,0
32,135,0
28,90,1
43,83,1
70,128,0
72,105,1
21,114,1
41,104,1
60,38,1
34,61,1
57,50,0
67,29,1
59,101,1
36,29,0
77,136,0
37,73,1
42,58,0
36,125,1
42,88,0
30,102,0
22,65,0
67,29,1
57,140,1
66,103,1
21,67,0
53,45,0
77,89,1
39,104,1
20,131,1
59,36,0
21,122,1
63,36,0
77,103,0
55,131,0
67,101,0
74,93,1
36,73,0
73,98,1
65,27,0
44,135,0
66,92,0
47,121,1
62,96,1
31,80,0
42,44,0
30,112,1
66,134,0
20,149,1
43,141,1
74,108,1
29,140,1
59,70,1
45,81,1
38,117,0
28,67,0
31,35,0
62,27,1
77,144,1
68,138,1
30,133,0
26,108,0
42,101,0
65,88,0
60,141,1
42,61,1
68,144,0
67,117,0
59,56,1
76,75,0
66,92,0
49,120,1
68,41,1
34,89,0
69,90,0
36,32,0
52,89,0
73,123,0
42,129,0
79,110,0
46,147,1
68,71,0
33,92,1
21,139,0
22,51,0
33,88,1
46,144,1
29,85,0
20,36,1
32,81,0
53,143,0
50,48,0
18,61,0
79,36,1
59,93,0
74,35,1
64,66,1
31,115,0
67,127,1
37,137,1
79,79,0
74,141,0
61,113,1
72,122,1
61,85,1
19,107,0
56,38,0
39,22,0
44,144,0
57,60,1
42,27,0
67,59,0
66,82,1
39,59,0
41,39,1
29,132,0
76,115,1
52,91,1
55,117,0
76,49,0
52,96,0
28,86,1
65,139,0
60,75,1
56,31,0
78,62,1
40,101,1
60,53,0
55,64,1
61,70,1
67,57,1
24,42,1
51,23,1
61,131,0
64,112,0
31,58,1
45,45,0
45,138,0
25,97,1
57,146,0
44,129,1
35,110,1
71,86,0
29,109,0
69,128,0
63,40,0
44,107,0
41,89,0
62,143,0
36,75,0
21,64,1
38,49,1
45,46,1
19,110,0
39,124,1
52,71,1
27,93,0
20,72,1
37,26,1
28,99,1
73,66,1
64,75,1
73,84,0
78,93,0
18,66,0
67,137,1
27,58,0
46,99,1
50,105,1
50,57,1
30,43,0
18,58,0
60,91,1
58,87,0
51,97,0
26,28,0
63,52,0
28,64,0
78,24,0
73,99,0
50,29,0
73,126,1
36,90,1
62,133,0
54,103,0
71,91,1
26,78,1
26,50,1
20,117,0
48,70,0
74,22,1
75,147,1
32,20,1
41,24,1
74,92,1
46,78,0
79,89,0
71,77,0
64,148,1
49,103,1
52,135,1
33,49,1
43,149,0
40,140,1
62,27,0
76,41,1
32,110,1
23,35,1
35,49,1
77,104,0
72,68,0
45,83,1
36,138,0
29,92,0
72,146,1
58,38,1
61,112,1
52,84,1
66,82,1
49,95,0
39,64,0
39,71,0
55,146,0
69,122,1
65,113,0
64,24,1
42,26,0
31,23,0
63,52,0
37,30,1
29,51,0
67,84,0
33,79,0
61,128,1
48,75,0
76,106,0
70,102,1
71,86,0
54,79,1
35,60,0
49,147,1
42,96,0
61,108,1
52,123,0
68,25,0
73,125,1
22,125,1
72,110,1
24,143,0
26,75,1
54,103,0
74,118,1
51,26,0
26,105,0
35,41,1
31,86,0
63,92,1
61,30,0
49,79,1
50,47,1
61,140,0
45,62,1
65,113,1
51,36,0
44,51,0
61,65,1
36,117,1
59,95,0
42,109,0
25,114,0
64,144,1
58,140,1
26,70,1
33,64,0
79,27,1
45,20,1
45,112,0
74,35,0
62,27,1
78,139,0
29,51,0
78,57,0
74,128,0
57,41,0
36,45,0
42,85,1
40,89,1
76,71,0
42,73,1
76,111,1
69,27,1
57,102,0
31,64,0
72,131,0
51,99,1
50,90,0
72,36,0
67,46,1
75,141,1
79,135,1
64,50,1
55,133,0
21,108,1
38,95,0
68,111,1
71,149,0
79,67,0
22,115,1
30,69,1
32,136,1
43,50,1
50,55,0
25,132,0
22,31,0
79,110,0
43,24,0
76,121,1
25,59,1
67,109,1
57,95,1
64,83,0
65,28,0
21,94,0
24,41,0
23,118,0
31,116,0
55,53,0
36,38,1
70,37,1
44,74,0
67,126,0
19,93,0
64,68,0
35,71,0
72,73,1
56,134,1
73,149,0
36,79,0
48,83,1
27,99,1
52,109,1
35,51,0
46,41,0
27,37,1
46,140,0
36,100,1
42,39,0
42,49,0
66,115,0
56,139,1
34,26,1
58,26,1
44,79,0
50,144,1
30,65,1
23,74,1
70,126,0
51,53,0
24,37,1
70,36,0
31,72,1
46,88,1
77,53,0
57,136,1
77,117,0
60,26,0
73,32,1
31,22,0
72,84,0
43,29,0
23,71,1
20,146,1
73,135,1
59,44,1
45,50,1
21,58,1
76,77,0
64,66,0
71,45,0
52,144,0
73,80,1
49,114,0
51,65,0
20,84,1
54,39,0
37,147,0
58,30,1
48,100,0
40,32,1
60,66,0
55,62,0
28,24,1
53,96,1
51,34,0
52,87,1
47,61,1
49,119,0
60,29,1
18,46,1
64,48,0
57,72,0
64,146,1
70,61,0
46,149,0
40,70,1
33,145,0
55,115,0
78,31,1
41,126,1
79,45,1
58,102,1
29,128,0
18,105,0
42,127,1
56,40,1
32,111,1
69,91,1
23,142,0
32,140,0
74,27,1
25,33,1
63,51,0
68,71,0
49,125,0
62,103,1
42,34,0
49,101,1
51,141,0
29,68,0
36,95,1
