age,income,churn
68,109,1
70,138,0
47,58,0
46,71,0
64,115,1
46,86,1
27,135,0
54,119,0
72,100,0
36,91,0
60,45,1
71,117,0
61,94,1
45,98,1
37,68,0
26,114,0
62,122,0
72,39,0
72,111,0
31,93,1
72,84,0
61,22,1
65,71,1
28,43,0
73,51,1
68,137,1
59,114,1
62,121,1
78,92,1
27,106,0
77,111,1
58,110,1
55,148,0
65,124,0
68,116,0
73,80,1
23,110,0
36,63,1
57,64,1
56,56,1
76,41,0
30,129,0
34,36,0
70,39,0
47,65,1
28,131,1
40,92,0
68,23,0
36,129,1
58,23,1
22,134,0
59,69,1
65,77,0
33,59,1
30,62,0
42,24,0
69,121,1
61,147,1
34,93,0
62,33,0
20,72,0
75,147,0
67,60,1
23,83,1
19,114,0
37,136,1
22,97,1
54,21,1
35,65,0
39,149,1
64,88,1
68,71,0
57,134,0
33,107,1
65,67,1
66,57,0
28,149,0
61,63,0
74,31,1
39,117,0
30,121,0
73,74,1
67,46,0
67,118,1
21,74,0
52,110,1
73,32,1
65,146,1
32,116,1
24,42,1
74,50,0
73,128,1
37,114,1
63,91,1
57,33,1
79,93,1
19,127,1
50,59,0
22,44,0
24,26,0
19,137,1
58,43,0
54,99,1
28,121,0
33,149,1
56,114,0
40,76,0
69,144,0
72,100,0
76,20,0
48,124,0
34,113,0
20,95,1
55,127,0
37,54,1
52,124,0
20,84,0
69,21,0
63,140,1
38,140,0
48,90,0
64,126,1
41,40,1
21,129,0
22,61,0
48,83,1
52,57,1
55,68,0
21,134,0
54,127,1
49,147,0
39,106,1
27,114,0
20,56,0
61,42,0
25,136,0
68,91,1
77,55,0
48,63,1
42,148,1
36,102,1
20,113,0
35,54,0
49,110,0
37,60,1
57,40,0
49,26,0
58,20,1
28,68,0
57,44,1
48,105,1
63,77,1
41,64,0
29,64,0
32,100,0
66,147,0
68,122,0
49,55,0
63,117,0
32,96,1
54,119,0
21,36,1
59,116,1
62,140,1
67,31,0
42,139,0
58,97,0
61,25,1
35,26,0
49,49,1
77,123,1
58,77,1
54,80,0
30,23,0
61,126,0
36,38,0
73,76,1
54,50,1
58,113,1
21,56,1
30,46,0
67,128,0
36,97,0
61,88,1
44,47,1
76,118,0
76,58,0
26,138,1
57,108,1
28,114,1
22,20,0
61,145,1
66,142,1
76,95,1
41,92,1
57,58,1
73,86,1
66,34,0
68,55,0
62,118,1
43,142,0
69,136,1
76,100,0
33,28,1
64,136,0
50,72,0
41,101,0
44,29,1
37,136,1
49,40,1
58,128,1
57,142,0
47,40,1
19,40,0
29,141,0
33,127,0
70,120,1
43,45,0
66,102,1
20,24,1
66,58,0
48,99,1
23,136,1
57,99,0
35,32,0
50,106,1
45,35,1
38,21,1
75,29,0
49,127,0
55,127,1
21,133,0
57,31,0
77,51,1
20,51,0
25,28,0
42,24,0
53,28,1
30,115,1
45,48,0
33,91,1
59,58,1
45,22,1
74,146,0
44,147,1
54,136,0
61,73,0
79,58,1
37,143,1
62,89,0
39,59,0
76,149,1
77,130,1
31,71,0
33,137,1
77,85,1
56,94,0
48,21,1
72,41,1
41,123,0
66,97,0
36,104,0
69,31,1
66,110,0
24,43,0
33,133,0
42,78,1
38,114,0
68,110,0
56,38,0
68,60,1
63,125,0
31,51,1
47,97,0
39,49,1
75,129,0
71,23,0
45,42,0
62,37,1
26,97,0
24,103,0
38,110,1
79,120,0
61,34,1
60,57,0
73,92,1
31,148,1
45,81,1
48,134,0
47,46,0
28,135,1
61,79,0
34,94,1
27,115,1
18,32,1
66,45,0
23,113,1
73,147,1
51,106,0
68,58,0
18,38,0
74,74,1
42,76,1
41,22,1
26,35,0
60,26,0
22,116,1
68,117,0
51,23,0
79,78,1
44,21,1
56,74,0
68,134,0
62,81,0
48,24,1
31,58,0
37,145,1
18,119,1
61,76,1
60,106,0
71,49,1
59,141,1
20,78,1
39,86,0
19,34,0
27,93,1
66,37,0
31,78,1
74,146,0
43,65,0
56,102,0
49,48,0
55,104,0
76,57,0
23,138,1
79,83,1
40,88,1
32,44,0
59,43,1
35,23,1
20,75,1
72,66,1
66,80,1
54,82,0
72,49,1
66,129,1
72,48,1
26,92,1
48,139,0
36,134,1
21,118,0
67,107,1
32,33,0
44,27,1
37,41,0
49,94,1
34,143,1
31,104,0
44,28,0
68,78,1
72,136,1
36,38,1
47,75,0
54,40,0
34,118,1
68,122,0
52,72,0
53,50,0
42,73,0
30,20,1
62,136,1
58,88,0
62,146,0
45,69,0
69,83,1
24,48,1
40,140,1
64,137,0
42,94,1
65,114,0
69,54,1
46,44,1
74,55,0
77,70,0
33,52,0
20,55,0
38,62,0
31,101,1
34,62,1
28,55,1
49,46,1
70,128,1
21,125,1
73,56,1
42,76,1
36,48,1
63,113,0
53,99,1
58,135,0
30,105,0
57,20,1
59,114,1
79,82,1
44,108,1
52,37,0
48,54,1
54,57,0
59,71,1
68,147,1
31,124,1
26,131,1
59,137,1
30,90,1
53,60,0
38,118,1
25,51,0
35,137,1
50,53,0
54,141,1
63,146,0
79,39,0
29,148,1
47,27,1
55,117,0
79,96,0
73,33,1
64,75,0
60,112,1
57,145,0
74,94,1
60,36,0
41,23,1
58,35,1
77,74,1
33,120,1
43,132,0
71,86,0
53,124,0
22,67,0
46,128,0
53,44,0
72,22,0
55,115,1
58,30,1
76,111,1
24,112,0
48,63,0
73,119,1
56,25,1
32,109,1
70,35,1
20,128,0
40,34,0
78,41,0
21,24,0
24,68,1
39,25,0
23,101,0
60,92,0
24,133,0
71,67,0
21,90,1
70,110,0
64,113,1
51,52,1
42,76,1
64,45,0
39,49,0
24,36,0
25,136,1
76,106,0
45,129,0
26,107,0
52,124,0
53,35,1
23,101,1
40,60,1
18,137,1
25,118,0
78,47,1
78,95,0
73,121,0
44,94,0
32,82,1
76,36,1
70,52,0
23,118,1
78,33,0
73,79,0
34,131,0
29,78,0
75,92,0
61,67,0
23,48,1
72,136,1
35,142,0
20,112,0
45,126,1
67,102,0
69,92,0
53,36,1
27,33,0
76,36,0
74,35,1
75,106,0
25,22,0
77,56,1
40,53,0
76,78,1
39,93,0
60,22,0
63,92,0
64,51,1
22,123,0
31,91,1
28,64,0
39,43,1
55,115,1
19,28,0
66,99,0
42,142,1
34,90,1
54,44,1
65,145,1
50,40,1
32,20,0
54,95,0
18,128,0
52,45,1
43,140,0
57,129,1
22,93,1
79,140,0
75,77,1
23,136,0
43,22,0
79,27,0
53,48,1
24,68,1
40,76,1
73,113,1
41,116,1
58,131,1
24,59,1
46,42,1
36,82,0
48,104,1
68,76,0
65,83,1
71,21,1
57,134,1
43,54,1
58,106,0
30,146,0
38,75,0
37,116,0
67,96,1
24,70,1
43,100,1
22,143,1
27,40,0
76,78,1
78,130,0
40,110,0
77,118,1
79,85,1
56,98,1
29,109,0
30,33,0
20,111,1
60,82,1
26,146,1
69,72,1
65,61,0
44,92,1
48,103,0
36,48,0
33,57,0
38,80,0
76,126,0
77,66,0
50,99,0
34,89,1
53,91,0
68,114,0
65,21,0
39,21,1
23,81,0
23,36,0
59,127,0
25,97,1
58,119,0
42,133,1
38,32,1
36,31,1
58,95,1
22,117,0
22,30,0
79,124,1
37,119,0
67,47,0
29,50,1
75,119,0
60,79,1
57,26,0
41,23,0
35,98,1
35,78,1
25,102,1
75,39,1
59,26,0
56,147,1
51,46,0
46,144,0
49,119,1
70,60,0
63,122,0
76,116,1
31,103,0
33,21,1
50,25,0
43,114,0
71,133,1
75,56,1
50,88,0
62,97,1
64,84,1
60,56,0
59,42,1
46,89,1
63,74,1
32,20,1
60,146,1
52,44,0
54,107,1
72,49,0
75,146,0
42,65,0
66,52,0
56,64,0
64,78,1
57,24,0
62,107,1
32,36,0
61,76,0
68,76,0
42,90,0
29,81,0
62,56,0
56,76,1
66,36,1
73,95,0
64,89,0
43,127,0
71,97,0
25,22,0
53,62,0
27,31,1
43,50,0
47,143,1
55,78,0
60,22,0
27,137,1
27,96,1
31,116,1
46,37,1
37,148,0
33,106,0
43,100,1
77,106,1
46,57,1
61,59,0
32,68,0
23,34,1
68,145,1
18,94,0
35,148,1
41,47,1
50,43,0
62,66,1
42,47,1
71,130,1
22,69,1
31,101,1
75,142,1
38,139,0
75,45,1
65,142,0
70,109,1
37,43,1
34,21,0
37,115,1
43,143,1
24,74,1
26,104,1
74,144,1
77,48,1
46,106,1
52,127,1
42,128,0
35,41,1
45,60,0
32,148,0
74,86,0
61,38,0
45,61,1
74,71,0
32,130,0
69,41,1
67,95,0
69,38,1
77,28,0
22,24,1
26,46,0
74,66,1
65,32,1
69,105,0
32,125,0
39,118,0
79,34,1
66,112,1
57,52,1
51,32,0
39,40,0
24,94,1
75,53,0
73,98,0
23,82,1
67,116,1
52,148,0
69,69,0
54,93,0
60,106,1
47,90,1
33,41,1
77,33,0
42,145,0
63,62,1
77,137,1
21,73,0
40,89,0
38,44,0
57,148,0
74,82,0
53,53,0
42,54,1
49,148,0
18,22,0
49,90,1
42,145,0
55,117,1
54,148,1
78,122,1
56,117,1
58,46,1
41,71,1
55,71,0
60,59,1
78,70,0
61,44,1
18,76,1
40,137,0
69,135,0
44,118,1
64,66,1
26,104,1
50,63,0
54,82,1
34,73,1
32,97,1
77,112,1
50,39,0
68,125,1
26,78,1
73,149,0
64,90,1
66,84,0
64,21,1
41,86,1
20,127,1
27,31,1
44,100,0
43,28,1
31,40,1
78,93,1
52,41,1
56,99,0
76,60,0
70,109,1
59,24,0
42,52,1
60,73,1
29,53,0
18,53,0
42,38,1
43,29,1
55,90,0
46,117,0
76,75,1
31,20,0
73,134,0
23,20,1
49,46,1
69,38,0
18,76,1
27,62,0
18,69,0
42,120,1
34,115,1
19,103,0
76,93,0
24,132,1
28,67,0
62,99,1
71,124,1
53,100,1
50,119,0
30,131,0
78,108,1
44,25,1
73,56,1
31,101,1
34,22,1
35,140,1
48,71,0
39,136,1
57,42,0
73,80,0
45,119,1
64,60,0
22,106,0
59,133,0
29,22,0
53,84,0
30,88,0
52,107,1
37,38,1
76,141,1
66,135,1
19,138,1
44,89,0
24,145,0
40,125,0
22,73,0
79,39,1
51,78,0
28,140,0
19,124,1
54,111,1
31,108,0
21,133,1
62,48,1
30,43,0
56,118,0
40,26,1
69,78,1
77,131,1
54,84,1
78,127,0
41,100,0
43,110,1
30,60,0
69,141,1
73,62,1
64,136,1
51,108,1
74,69,1
62,83,0
64,62,1
38,32,0
78,129,1
35,31,0
34,116,0
79,74,1
48,139,0
73,144,1
34,95,1
19,138,1
64,50,1
21,24,1
74,59,0
31,57,0
32,77,1
48,123,1
58,29,1
66,123,0
30,73,0
61,114,1
25,119,1
53,94,1
51,52,1
35,45,0
21,69,0
78,149,0
29,33,1
58,136,1
70,135,0
20,85,1
71,80,1
18,118,1
32,75,0
50,45,0
74,109,1
48,145,1
33,146,1
18,120,0
21,121,1
61,144,1
75,122,0
46,62,1
21,59,1
22,76,0
26,65,1
52,89,0
35,28,1
78,137,0
41,46,1
58,65,0
69,49,1
24,56,0
63,94,0
20,48,0
71,117,1
55,32,0
61,85,0
25,63,0
78,90,0
31,148,0
67,53,0
59,100,1
60,110,1
50,140,1
45,69,1
18,38,1
45,66,0
34,90,0
52,28,1
72,82,0
59,67,0
43,127,0
72,123,0
58,41,0
60,91,1
29,26,1
19,83,1
68,139,0
64,55,1
56,95,1
43,135,1
21,78,1
45,139,0
25,75,0
49,35,0
67,56,1
31,40,0
53,45,0
25,20,0
18,146,0
67,125,1
32,78,1
74,88,0
54,117,1
62,77,1
18,96,1
64,70,0
52,50,0
23,23,1
54,25,1
27,89,1
45,25,0
32,74,1
44,136,0
65,92,0
75,131,0
76,128,1
34,50,0
30,93,1
22,109,1
71,57,1
54,91,0
20,92,1
50,27,0
31,32,0
43,98,1
52,124,1
35,108,0
23,104,1
42,139,1
48,25,1
41,29,0
71,41,0
20,93,0
48,60,0
64,75,0
69,122,1
25,36,1
53,141,0
55,20,0
43,71,0
36,68,0
